1111111111110010000000000010000000000001
0000000000000000000000001110001000000001
1111111111110010000000010010000000000001
0000000000001000000000001110001000000001
1111111111110010000000100010000000000001
0000000000010000000000001110001000000001
1111111111110010000000110010000000000001
0000000000011000000000001110001000000001
1111111111110010000001000010000000000001
0000000000100000000000001110001000000001
1111111111110010000001010010000000000001
0000000000101000000000001110001000000001
1111111111110010000001100010000000000001
0000000000110000000000001110001000000001
1111111111110110000010100010000000000001
0000000000111000000000001110001000000001
1111111111110010000010100010000000001001
0000000001001001000010000010000000000001
1111111111110010000001110010001001000001
1111111111110001000010000100001000000001
1111111111110001000010000100000000100110
1111111111101001000010000010001000001001
0000000000000000000000000000000000000001
1111111111101001000010000010010000100111
0000000001010000000000001110001000000001
1111111111110010000010000100000000001001
1111111111101001000010000010000000000001
1111111111110001000010000010000000100011
0000000001011000000000001110001000000001
0000000001011010000010010010000000000001
0000000001000000000000001110001000000001
1111111111110010000010110010000000000001
0000000001100000000000001110001000000001
1111111111110010000011000010000000000001
0000000001101000000000001110001000000001
1111111111110010000011010010000000000001
0000000001110000000000001110001000000001
1111111111110010000011100010000000000001
0000000001111000000000001110001000000001
1111111111110010000011110010000000000001
0000000010100000000000001110001000000001
0000000000111001000010000010000000000001
0000000010001000000000001110001000000001
0000000001000001000010000010000000000001
0000000010010000000000001110001000000001
1111111111101001000010000010000000000001
0000000011111000000000001110001000000001
0000000010011001000010000010000000000001
0000000010100001000010000010001001001001
1111111111110001000010000010000000100110
0000000011111000000000001110001000000001
0000000010111001000010000010000000000001
1111111111110001000100110010001001001001
0000000010011001000010000010000000000001
0000000011011001000010000010000000100101
0000000011100000000000001110001000000001
0000000011001001000010000010000000000001
1111111111110001000100110010001001001001
0000000010011001000010000010000000000001
0000000011101001000010000010000000100101
0000000011110000000000001110001000000001
0000000100000001000010000010000000000001
0000000000000000000000000000000000000001
0000000100010000000000001111000000000001
0000000100010001000010000010000000000001
1111111111110001000100110010001001001001
0000000011111001000010000010000000000001
1111111111101001000010000010000000100101
0000000011111000000000001110001000000001
0000000010011001000010000010000000000001
0000000010100000000000001110001000100101
0000000010101001000010000010000000000001
0000000010111001000010000010001001000001
0000000100001000000000001110001000000001
0000000010111001000010000010000000000001
0000000100001001000101000010001000000001
0000000011000000000000001110001000000001
0000000011100000000000001100000000000001
0000000000000111111111111010000000000001
0000000011000000000000001100000000000001
0000000010001111111111110010000010000001
0000000010000000000000001110001000000001
1111111111110001000010000010000000000001
1111111111110111111111110010001001000001
0000000011010000000000001110001000000001
0000000011110000000000001100000000000001
0000000000000111111111111010000000000001
0000000011010000000000001100000000000001
0000000010001111111111110010000010000001
0000000010000001000010000010001000000001
0000000010000000000000001110001000000001
0000000010101001000010000010000000000001
0000000011111001000010000010001001000001
0000000000000000000000000000000000000001
0000000010110000000000001111000000000001
0000000000000000000000000000000000000001
0000000000000000000000000000000000000001
0000000010000001000010000010000000000001
0000000100011000000000001110001000000001
0000000010000001000010000010000000001001
1111111111110010000100000010000000000001
1111111111101001000010000010000000100110
0000000110011000000000001110001000000001
0000000110011001000010000010000000000001
0000000000000000000000000000000000000001
0000000101001000000000001111000000000001
0000000100111001000010000010000000001001
0000000101000000000000001110001000000001
0000000100101001000010000010000000000001
1111111111110010000100100010001001100111
0000000100110000000000001110001000000001
0000000101001001000010000010001001001001
0000000101001001000010000010000000000001
0000000100110000000000001110001000100111
1111111111110010000100010010000000000001
0000000101000000000000001110001000100111
0000000000000000000000000000000000000001
0000000101000001000010000010000000001001
1111111111111001000010000010001001000001
0000000101000000000000001110001000100110
0000000100110001000010000010000000000001
0000000100100000000000001110001000000001
0000000110011001000010000010000000000001
0000000101011000000000001110001000000001
0000000101010001000010000100000000001001
1111111111110010000100110110000000000001
0000000101110001000010000110000000100011
1111111111101001000010000010000000000001
0000000101100001000010000100000000001001
0000000000000000000000000000000000000001
1111111111101001000010000110000000100100
0000000101111000000000001110011000000001
0000000000000000000000000000000000000001
0000000110000000000000001110011000000001
0000000110011001000010000010000000001001
1111111111110010000101000010000000000001
1111111111101001000010000010000000100110
0000000110001000000000001110001000000001
0000000110010001000010000010000000000001
1111111111110010000101010010001001001001
1111111111110001000010000100000001100111
1111111111110001000010000100000000100101
0000000110011001000010000010000000000001
1111111111110010000101010010001001001001
1111111111110001000010000100010001100111
1111111111110001000010000100010000100101
0000000110101000000000001110010000000001
0000000110101001000010000010000000001001
1111111111110001000010000010000000000001
1111111111101001000010000010000000100110
0000000110100000000000001110001000000001
1111111111110001000111110010000000000001
0000000110111001000010000010001000000001
0000000111000000000000001110001000000001
0000000100100001000010000010000000001001
1111111111101001000010000010000000000001
0000000111000001000010000010000000100110
0000000111000000000000001110001000000001
0000000111001000000000001100000000000001
0000000000000000000000000000000000000001
1111111111110010000101110010000100000001
0000000111000001000010000010001001001001
0000000111001001000010000010000000000001
1111111111111001000010000010001000100111
0000000111010000000000001110001000000001
0000000111010001000010000010000000000001
1111111111110010000101100010001001001001
1111111111110010000101100010000000000001
0000000111010001000010000010000000100111
0000000111010000000000001110001000000001
0000000100100001000010000010000000001001
1111111111101001000010000010000000000001
0000000111010001000010000010000000100110
0000000111010000000000001110001000000001
0000000111000001000010000010000000001001
1111111111110010001010100010000000000001
0000000111111001000010000010000000100110
0000000111111000000000001110001000000001
0000000111111001000010000010000000000001
1111111111110010001010110010001001001001
1111111111110010001010110010000000000001
0000000111111001000010000010000000100101
0000000111111000000000001110001000000001
0000000111010000000000001100000000000001
0000000000000000000000000000000000000001
0000000111101010001001000010000100000001
0000000111111010001001000011010100000001
0000001000000000000000001110001000000001
0000000000000000000000000000000000000001
0000000111110000000000001111001000000001
0000000111011000000000001100000000000001
0000000000000000000000000000000000000001
1111111111110010000111100010000100000001
0000000111000001000010000010001001001001
0000000111011001000010000010000000000001
1111111111111001000010000010001000100111
0000000111100000000000001110001000000001
0000000111100001000010000010000000000001
1111111111110010000111010010001001001001
1111111111110010000111010010000000000001
0000000111100001000010000010000000100111
0000000111100000000000001110001000000001
0000000100100001000010000010000000001001
1111111111101001000010000010000000000001
0000000111100001000010000010000000100110
0000000111100000000000001110001000000001
0000000111000001000010000010000000001001
1111111111110010001100100010000000000001
0000001000011001000010000010000000100110
0000001000011000000000001110001000000001
0000001000011001000010000010000000000001
1111111111110010001100110010001001001001
1111111111110010001100110010000000000001
0000001000011001000010000010000000100101
0000001000011000000000001110001000000001
0000000111100000000000001100000000000001
0000000000000000000000000000000000000001
0000001000001010001011000010000100000001
0000001000011010001011000011010100000001
0000001000100000000000001110001000000001
0000000000000000000000000000000000000001
0000001000010000000000001111001000000001
0000001000111001000111110010000000000001
0000001000101001000010000010001000000001
0000001000000001000110000010001000000001
0000000000000010001101001010000000000001
0000001000110000000000001110101000000001
0000001001000000000000001111001000000001
0000001000110000000000001100000000000001
0000000000000000000000000000000000000001
0000000000000000000000011010000100000001
1111111111100001000010000010000000000001
0000000000000000000000001010000100000001
1111111111100001000010000010001001000001
0000001001001000000000001110001000000001
0000001001000000000000001100000000000001
0000001001001111111111110010000000000001
1111111111100001000010000010001000000001
0000001001010000000000001110001000000001
0000001001010000000000001100000000000001
0000001000100111111111110010000000000001
0000000110110000000000001110001000000001
0000000110100001000010000010000000000001
0000001001011001000010000010001000000001
0000000000000000000000000000000000000001
0000001001101000000000001110001000000001
0000000000000010001101011010000000000001
0000001001111001000010000010000000000001
0000001001110000000000001110001000000001
0000000110000001000010000010000000000001
0000001001111000000000001110001010000001
1111111111110001000111110010000000000001
0000001010010001000010000010001000000001
0000001010011000000000001110001000000001
0000000100100001000010000010000000001001
1111111111101001000010000010000000000001
0000001010011001000010000010000000100110
0000001010011000000000001110001000000001
0000001010100000000000001100000000000001
0000000000000000000000000000000000000001
1111111111110010001101110010000100000001
0000001010011001000010000010001001001001
0000001010100001000010000010000000000001
1111111111111001000010000010001000100111
0000001010101000000000001110001000000001
0000001010101001000010000010000000000001
1111111111110010001101100010001001001001
1111111111110010001101100010000000000001
0000001010101001000010000010000000100111
0000001010101000000000001110001000000001
0000000100100001000010000010000000001001
1111111111101001000010000010000000000001
0000001010101001000010000010000000100110
0000001010101000000000001110001000000001
0000001010011001000010000010000000001001
1111111111110010010011100010000000000001
0000001011010001000010000010000000100110
0000001011010000000000001110001000000001
0000001011010001000010000010000000000001
1111111111110010010011110010001001001001
1111111111110010010011110010000000000001
0000001011010001000010000010000000100101
0000001011010000000000001110001000000001
0000001010101000000000001100000000000001
0000000000000000000000000000000000000001
0000001011000010010001100010000100000001
0000001011010010010001100011010100000001
0000001011011000000000001110001000000001
0000000000000000000000000000000000000001
0000001011001000000000001111001000000001
0000001010110000000000001100000000000001
0000000000000000000000000000000000000001
1111111111110010010000000010000100000001
0000001010011001000010000010001001001001
0000001010110001000010000010000000000001
1111111111111001000010000010001000100111
0000001010111000000000001110001000000001
0000001010111001000010000010000000000001
1111111111110010001111110010001001001001
1111111111110010001111110010000000000001
0000001010111001000010000010000000100111
0000001010111000000000001110001000000001
0000000100100001000010000010000000001001
1111111111101001000010000010000000000001
0000001010111001000010000010000000100110
0000001010111000000000001110001000000001
0000001010011001000010000010000000001001
1111111111110010010101100010000000000001
0000001011110001000010000010000000100110
0000001011110000000000001110001000000001
0000001011110001000010000010000000000001
1111111111110010010101110010001001001001
1111111111110010010101110010000000000001
0000001011110001000010000010000000100101
0000001011110000000000001110001000000001
0000001010111000000000001100000000000001
0000000000000000000000000000000000000001
0000001011100010010100000010000100000001
0000001011110010010100000011010100000001
0000001011111000000000001110001000000001
0000000000000000000000000000000000000001
0000001011101000000000001111001000000001
0000001100010001000111110010000000000001
0000001100000001000010000010001000000001
0000001011011001000110000010001000000001
0000000000000010010110001010000000000001
0000001100001000000000001110101000000001
0000001100011000000000001111001000000001
0000001100001000000000001100000000000001
0000000000000000000000000000000000000001
0000000000000000000000011010000100000001
1111111111100001000010000010000000000001
0000000000000000000000001010000100000001
1111111111100001000010000010001001000001
0000001100100000000000001110001000000001
0000001100011000000000001100000000000001
0000001100100111111111110010000000000001
1111111111100001000010000010001000000001
0000001100101000000000001110001000000001
0000001100101000000000001100000000000001
0000001011111111111111110010000000000001
0000001010001000000000001110001000000001
0000000110011001000010000010000000000001
0000000110101000000000001110001000000001
0000000110101000000000001100000000000001
0000001001101111111111110010000000001001
0000001100111001000010000010000000000001
1111111111111001000010000010001000100110
0000001101000000000000001110001000000001
1111111111101001000010000010000000000001
0000000110001001000010000100000000001001
1111111111101001000010000010000000000001
0000001101000000000000001110001000100100
0000000000000000000000000000000000000001
0000001100110000000000001110001000100100
0000000000000000000000000000000000000001
0000000100100001000010000010000000000001
0000001101010001000010000010001001000001
0000001101110000000000001110001000000001
0000001101100001000010000010000000000001
0000001101010001000010000011010000000001
0000001101110010010110010010001000000001
0000001101011000000000001110001000000001
0000001101011000000000001100000000000001
0000001101101000000000001111001000000001
0000001010001111111111110010000000000001
0000001101001000000000001110001000000001
0000000000010001000010000010000000000001
0000001101111001000010000100000000001001
1111111111110001000010000010000000000001
1111111111101001000010000010000000100011
1111111111101001000010000010001000001001
0000001110010001000010000010000000000001
1111111111111001000010000010001000100110
0000001110011000000000001110001000000001
1111111111101001000010000010000000000001
0000001001110001000010000100000000001001
0000001110011001000010000010000000000001
1111111111101001000010000010000000100100
0000001110011000000000001110001000000001
0000000000000000000000000000000000000001
0000001110001000000000001110001000000001
0000000000011001000010000010000000000001
0000001110101000000000001110001000000001
0000000000100001000010000010000000000001
0000001110110000000000001110001000000001
0000000000101001000010000010000000000001
0000001110111000000000001110001000000001
0000000000011001000010000010000000000001
0000001111000000000000001110001000000001
0000001100110000000000001100000000000001
0000000000000111111111111010000000000001
0000000000000000000000000000000000000001
0000001110101001000010000010000010000001
0000001110100000000000001110001000000001
0000000001110001000010000010000000000001
0000001111010000000000001110001000000001
0000000001111001000010000010000000000001
0000001111011000000000001110001000000001
0000000001100001000010000010000000000001
0000001111100000000000001110001000000001
0000000001101001000010000010000000000001
0000001111101000000000001110001000000001
0000001100110000000000001100000000000001
0000000000000111111111111010000000000001
0000000000000000000000000000000000000001
0000001111010001000010000010000010000001
0000001111001000000000001110001000000001
0000000000110001000010000010000000000001
0000001111111000000000001110001000000001
0000000000110001000010000010000000000001
0000010000000000000000001110001000000001
0000000000101001000010000010000000000001
0000010000001000000000001110001000000001
0000000000100001000010000010000000000001
0000010000010000000000001110001000000001
0000001100110000000000001100000000000001
0000000000000111111111111010000000000001
0000000000000000000000000000000000000001
0000001111111001000010000010000010000001
0000001111110000000000001110001000000001
0000001110001001000010000100000000000001
0000000000010001000010000010000000001001
0000000000001001000010000010000000000001
0000000000010001000010000010000000100011
0000010000011000000000001110001000000001
0000000000000000000000000000000000000001
0000001111001000000000001100000000000001
0000010000111111111111110010000000000001
0000010000100001000010000010001000000001
0000010000101000000000001110001000000001
0000010000101001000010000010000001000001
0000001110100001000010000010001000000001
0000000000100000000000001100000000000001
0000010000111111111111110010001001000001
0000010000110000000000001110001000000001
0000001111001000000000001100000000000001
0000010000110111111111110010000000000001
0000010000111001000010000010001000000001
0000010001000000000000001110001000000001
0000000110000001000010000010000000001001
0000001110001001000010000010000000000001
0000010001011000000000001110001000000001
0000010001010001000010000010000000000001
0000010001011000000000001110001000100111
0000000000000000000000000000000000000001
0000010001011001000010000010000000000001
0000010001001000000000001110001000000001
0000001101001010010110100010000000000001
0000010001100000000000001110001000000001
0000000000000000000000000000000000000001
0000010001001010010110110010000000000001
0000010001101000000000001110001000000001
0000000000000000000000000000000000000001
0000001111110001000010000100000000000001
0000010000101001000010000010000000001001
0000000000110001000010000010000000000001
0000000000011001000010000010000000100011
0000010001111000000000001110001000000001
0000000000000000000000000000000000000001
0000010001110001000010000010000000000001
1111111111110010010111000010001001001001
1111111111110001000010000100000001100111
1111111111110001000010000100000000100101
0000010001111001000010000010000000000001
1111111111110010010111000010001001001001
1111111111110001000010000100010001100111
1111111111110001000010000100010000100101
0000000110101000000000001110010000000001
0000000110101001000010000010000000001001
1111111111110001000010000010000000000001
1111111111101001000010000010000000100110
0000010010000000000000001110001000000001
0000010000101001000010000010000000000001
0000010010010000000000001110001000000001
0000010010010000000000001100000000000001
0000000110110111111111110010000000000001
0000010010001000000000001110001000000001
0000010001101001000010000010000000000001
0000010010010000000000001110001000000001
0000010010010000000000001100000000000001
0000010000101111111111110010000000000001
0000010010011000000000001110001000000001
0000010010011000000000001100000000000001
0000010010111111111111110010000000000001
0000010010100001000010000010001000000001
0000010010101000000000001110001000000001
0000010010101001000010000010000001000001
0000000110110001000010000010001000000001
0000000000000000000000001100000000000001
0000010010111111111111110010001001000001
0000010010110000000000001110001000000001
0000010010011000000000001100000000000001
0000010010110111111111110010000000000001
0000010010111001000010000010001000000001
0000010011000000000000001110001000000001
0000010010001010010111010010000000000001
0000010010101010010111010010001000000001
0000010011000010010111010010001000000001
0000000000000000000000000000000000000001
0000010011001000000000001110001000000001
0000010011001010010111100010000000000001
0000010011010000000000001110001000000001
0000000000000000000000000000000000000001
0000010001100010010111110010000000000001
0000010011010010010111110010001000000001
0000000000000000000000000000000000000001
0000010011011000000000001110001000000001
0000010011111001000111110010000000000001
0000010011101001000010000010001000000001
0000000000000010011000011010000000000001
1111111111100001000110000010001000000001
0000000000000010011000001010000000000001
0000010011110000000000001110101000000001
0000010100000000000000001111001000000001
0000010011110000000000001100000000000001
0000000000000000000000000000000000000001
0000000000000000000000000000000000000001
1111111111110000000000010010000100000001
0000000000000000000000001010000100000001
0000000000000000000000000000000000000001
1111111111100001000010000010001001000001
0000010100011000000000001110001000000001
0000010100000000000000001100000000000001
0000000000000000000000000000000000000001
0000010100011111111111110010000000000001
1111111111100001000010000010001000000001
0000010100001000000000001110001000000001
0000010100001001000010010010000000000001
1111111111110001000010010010001000000001
0000010100001000000000001110001000000001
1111111111110001000010000010000000000001
0000010100001001000010000010001001000001
0000010100010000000000001110001000000001
1111111111110010011000010010000000001001
0000000000000000000000000000000000000001
1111111111110001000010000010000000000001
1111111111110001000010000010000001100111
0000011001111000000000001110001000000001
0000010100001001000010000010000000000001
0000011001111010011000010010001001001001
0000010100100001000010000010000000000001
1111111111110010011000010010001001000001
0000011001111001000010000010000000100111
0000010100101000000000001110001000000001
0000010100010001000010000010000000000001
0000011001111010011000010010001001001001
0000010100110001000010000010000000000001
1111111111110010011000010010001001000001
0000011001111001000010000010000000100111
0000010100111000000000001110001000000001
0000000000000010011000111010000000000001
0000010011011001000010000010000000000001
0000000000000000000000000000000000000001
0000010101011000000000001110001010000001
1111111111110010011000100010000000000001
0000010100101010011000100010001001000001
0000010101001000000000001110001000000001
0000000000000000000000000000000000000001
0000010101010000000000001111001000000001
0000010101001000000000001100000000000001
0000000000000111111111111010000000000001
0000000000000000000000000000000000000001
0000010101010000000000001100000000000001
0000010101100111111111110010000010000001
0000010101011001000010000010001010000001
0000010101011111111111110010001011000001
0000011001101000000000001110001000000001
1111111111110010011000100010000000000001
0000010100111010011000100010001001000001
0000010101001000000000001110001000000001
0000000000000000000000000000000000000001
0000010101010000000000001111001000000001
0000010101001000000000001100000000000001
0000000000000111111111111010000000000001
0000000000000000000000000000000000000001
0000010101010000000000001100000000000001
0000010101100111111111110010000010000001
0000010101011001000010000010001010000001
0000010101011111111111110010001011000001
0000011001110000000000001110001000000001
0000011001101000000000001100000000000001
0000010100001111111111110010000000000001
0000011001110000000000001100000000000001
0000010100010111111111110010001000000001
0000010011100000000000001110001000000001
1111111111110010011001000010000000000001
0000011010000001000010000010001001000001
0000011010100000000000001110001000000001
0000011010010001000010000010000000000001
0000011010000001000010000011010000000001
0000011010100001000101000010001000000001
0000011010001000000000001110001000000001
0000011010001000000000001100000000000001
0000011010011000000000001111001000000001
0000010011011111111111110010000000000001
0000010011100111111111110010001000000001
0000000000000000000000000000000000000001
0000011010110000000000001110001000000001
0000011011001010011001010010000000000001
0000011010111010011001010011010000000001
0000011010101001000010000010001001000001
0000011010110001000010000010001000000001
0000011011000000000000001110001000000001
0000000000000000000000000000000000000001
0000011011010000000000001111001000000001
1111111111110010100100010100000000000001
0000011011000000000000001100000000000001
0000011011000111111111110010000000000001
0000000000000000000000000000000000000001
0000011101000000000000001110001000000001
0000011101001000000000001111001000000001
0000011011000001000011000010000000000001
0000011101101000000000001110001000000001
0000011101101000000000001100000000000001
0000011101101111111111110010000000000001
0000011101101000000000001110001000000001
0000011101110001000010000010000000000001
0000011101110010100011100010001001000001
0000011101101010100011100010001000001001
0000011101111000000000001110001000000001
0000011011111001000010000010000000000001
0000011011111010100011100010001001000001
0000011101001010100011100010001000000001
0000011011101001000010000011010000000001
0000011011101010100011100010001001000001
0000011101000010100011100010001000000001
0000011011110000000000001110001000000001
1111111111101001000010000100001000000001
0000011100000000000000001111001000000001
0000011101111001000010000010000000000001
1111111111101001000010001000001000000001
1111111111101001000010001000010000100011
1111111111110001000010100010000000000001
0000000000000000000000000000000000000001
0000011110000000000000001111011000000001
0000011110000001000010000010001000000001
0000011101010000000000001110001000000001
0000000000000000000000000000000000000001
0000011101010000000000001111011000100011
0000011100011001000010000010000000001001
0000011100100000000000001110001000000001
0000011100001001000010000010000000000001
1111111111110010100100000010001001100111
0000011100010000000000001110001000000001
0000011101010001000010000010001001001001
0000011101010001000010000010000000000001
0000011100010000000000001110001000100111
1111111111110010100011110010000000000001
0000011100100000000000001110001000100111
0000000000000000000000000000000000000001
0000011100100001000010000010000000001001
1111111111111001000010000010001001000001
0000011100100000000000001110001000100110
0000011100010001000110100010000000000001
0000000000000000000000000000000000000001
0000011101011000000000001110001000000001
0000011101100000000000001111001000000001
0000011101011000000000001100000000000001
0000000000000000000000000000000000000001
0000000000000010011001111010000100000001
1111111111100001000010000010000000000001
0000000000000010011001101010000100000001
1111111111100001000010000010001001000001
0000011100101000000000001110001000000001
0000011101100000000000001100000000000001
0000011100101111111111110010000000000001
1111111111100001000010000010001000000001
0000011100111000000000001110001000000001
0000011100111000000000001100000000000001
0000011011000111111111110010000000000001
0000011011100000000000001110001000000001
0000011011100010100100110100000000000001
0000011110010000000000001110010000000001
0000011110010000000000001100000000000001
0000011110010111111111110010000000000001
0000000110101000000000001110001000000001
0000000110101000000000001100000000000001
0000011110010111111111110010000000000001
0000000110101000000000001110001000000001
0000000110101010100101000100010001000001
0000000110101000000000001110010000000001
0000011110010001000010000010000000000001
1111111111110001000010000010001001001001
0000000000000000000000000000000000000001
1111111111110010100101010100000000100101
0000011110010001000010000010000001000001
1111111111110001000010000010001001001001
0000000000000000000000000000000000000001
1111111111110010100101010100000001100101
0000000110101000000000001110010000000001
0000000110101010100100100010000000000001
0000011110001000000000001110001000000001
0000011110001010100101100010000000000001
0000000000000000000000000000000000000001
0000011110111000000000001110001000000001
0000011111100010100110010010000000000001
0000011111011010100110110010001000000001
0000011111001010100110010011010000000001
0000011111000010100110110010001000000001
0000011110111010100101110010001000000001
0000011110110010100110000010001000000001
0000011110101010100110100010001000000001
0000000000000000000000000000000000000001
0000011111010000000000001110001000000001
0000011111101000000000001111001000000001
0000100000010010100111100010000000000001
0000100000001010101000000010001000000001
0000011111111010100111100011010000000001
0000011111110010101000000010001000000001
0000011111010010100111000010001000000001
0000011111001010100111010010001000000001
0000011111000010100111110010001000000001
0000000000000000000000000000000000000001
0000100000000000000000001110001000000001
0000011110011000000000001110001000000001
0000100000011000000000001111001000000001
0000011110001001000010000010000000000001
0000000000000000000000000000000000000001
0000100000110000000000001110001000000001
0000100001011010101000110010000000000001
0000100001010010101001010010001000000001
0000100001000010101000110011010000000001
0000100000111010101001010010001000000001
0000100000110010101000010010001000000001
0000100000101010101000100010001000000001
0000100000100010101001000010001000000001
0000000000000000000000000000000000000001
0000100001001000000000001110001000000001
0000100001100000000000001111001000000001
0000100010001010101010000010000000000001
0000100010000010101010100010001000000001
0000100001110010101010000011010000000001
0000100001101010101010100010001000000001
0000100001001010101001100010001000000001
0000100001000010101001110010001000000001
0000100000111010101010010010001000000001
0000000000000000000000000000000000000001
0000100001111000000000001110001000000001
0000011110100000000000001110001000000001
0000100010010000000000001111001000000001
0000011110011010101010110010000000000001
0000100010011000000000001110001000000001
0000000000000000000000000000000000000001
0000011110100010101011000010000000000001
0000100010100000000000001110001000000001
0000000000000000000000000000000000000001
0000100010011001000010000010000000000001
1111111101101000000000000000001000000001
0000100010100001000010000010000000000001
1111111101110000000000000000001000000001
0000000110000001000010000010000000000001
0000000101101000000000001110001000000001
0000000000000000000000000000000000000001
0000010000011001000010000010000000000001
0000001110000000000000001110001000000001
0000000000000000000000000000000000000001
0000010010000001000010000010000000000001
0000001001100000000000001110001000000001
0000000000000000000000000000000000000001
0000000000000000000000000000000000000001
0000000000000000000000000000000000000001
0000000000000000000000000000000000000001
0000000000000000000000000000000000000001
0000000000000000000000000000000000000001
0000000000000000000000000000000000000001
0000000000000000000000000000000000000001
0000000000000000000000000000000000000001
0000000000000000000000000000000000000001
0000000000000000000000000000000000000001
0000000000000000000000000000000000000001
0000000000000000000000000000000000000001
0000000000000000000000000000000000000001
0000000000000000000000000000000000000001
0000000000000000000000000000000000000001
0000000000000000000000000000000000000001
0000000000000000000000000000000000000001
0000000000000000000000000000000000000001
0000000000000000000000000000000000000001
0000000000000000000000000000000000000001
0000000000000000000000000000000000000001
0000000000000000000000000000000000000001
0000000000000000000000000000000000000001
0000000000000000000000000000000000000001
0000000000000000000000000000000000000001
0000000000000000000000000000000000000001
0000000000000000000000000000000000000001
0000000000000000000000000000000000000001
0000000000000000000000000000000000000001
0000000000000000000000000000000000000001
0000000000000000000000000000000000000001
0000000000000000000000000000000000000001
0000000000000000000000000000000000000001
0000000000000000000000000000000000000001
0000000000000000000000000000000000000001
0000000000000000000000000000000000000001
0000000000000000000000000000000000000001
0000000000000000000000000000000000000001
0000000000000000000000000000000000000001
0000000000000000000000000000000000000001
0000000000000000000000000000000000000001
0000000000000000000000000000000000000001
0000000000000000000000000000000000000001
0000000000000000000000000000000000000001
0000000000000000000000000000000000000001
0000000000000000000000000000000000000001
0000000000000000000000000000000000000001
0000000000000000000000000000000000000001
0000000000000000000000000000000000000001
0000000000000000000000000000000000000001
0000000000000000000000000000000000000001
0000000000000000000000000000000000000001
0000000000000000000000000000000000000001
0000000000000000000000000000000000000001
0000000000000000000000000000000000000001
0000000000000000000000000000000000000001
0000000000000000000000000000000000000001
0000000000000000000000000000000000000001
0000000000000000000000000000000000000001
0000000000000000000000000000000000000001
0000000000000000000000000000000000000001
0000000000000000000000000000000000000001
0000000000000000000000000000000000000001
0000000000000000000000000000000000000001
0000000000000000000000000000000000000001
0000000000000000000000000000000000000001
0000000000000000000000000000000000000001
0000000000000000000000000000000000000001
0000000000000000000000000000000000000001
0000000000000000000000000000000000000001
0000000000000000000000000000000000000001
0000000000000000000000000000000000000001
0000000000000000000000000000000000000001
0000000000000000000000000000000000000001
0000000000000000000000000000000000000001
0000000000000000000000000000000000000001
0000000000000000000000000000000000000001
0000000000000000000000000000000000000001
0000000000000000000000000000000000000001
0000000000000000000000000000000000000001
0000000000000000000000000000000000000001
0000000000000000000000000000000000000001
0000000000000000000000000000000000000001
0000000000000000000000000000000000000001
0000000000000000000000000000000000000001
0000000000000000000000000000000000000001
0000000000000000000000000000000000000001
0000000000000000000000000000000000000001
0000000000000000000000000000000000000001
0000000000000000000000000000000000000001
0000000000000000000000000000000000000001
0000000000000000000000000000000000000001
0000000000000000000000000000000000000001
0000000000000000000000000000000000000001
0000000000000000000000000000000000000001
0000000000000000000000000000000000000001
0000000000000000000000000000000000000001
0000000000000000000000000000000000000001
0000000000000000000000000000000000000001
0000000000000000000000000000000000000001
0000000000000000000000000000000000000001
0000000000000000000000000000000000000001
0000000000000000000000000000000000000001
0000000000000000000000000000000000000001
0000000000000000000000000000000000000001
0000000000000000000000000000000000000001
0000000000000000000000000000000000000001
0000000000000000000000000000000000000001
0000000000000000000000000000000000000001
0000000000000000000000000000000000000001
0000000000000000000000000000000000000001
0000000000000000000000000000000000000001
0000000000000000000000000000000000000001
0000000000000000000000000000000000000001
0000000000000000000000000000000000000001
0000000000000000000000000000000000000001
0000000000000000000000000000000000000001
0000000000000000000000000000000000000001
0000000000000000000000000000000000000001
0000000000000000000000000000000000000001
0000000000000000000000000000000000000001
0000000000000000000000000000000000000001
0000000000000000000000000000000000000001
0000000000000000000000000000000000000001
0000000000000000000000000000000000000001
0000000000000000000000000000000000000001
0000000000000000000000000000000000000001
0000000000000000000000000000000000000001
0000000000000000000000000000000000000001
0000000000000000000000000000000000000001
0000000000000000000000000000000000000001
0000000000000000000000000000000000000001
0000000000000000000000000000000000000001
0000000000000000000000000000000000000001
0000000000000000000000000000000000000001
0000000000000000000000000000000000000001
0000000000000000000000000000000000000001
0000000000000000000000000000000000000001
0000000000000000000000000000000000000001
0000000000000000000000000000000000000001
0000000000000000000000000000000000000001
0000000000000000000000000000000000000001
0000000000000000000000000000000000000001
0000000000000000000000000000000000000001
0000000000000000000000000000000000000001
0000000000000000000000000000000000000001
0000000000000000000000000000000000000001
0000000000000000000000000000000000000001
0000000000000000000000000000000000000001
0000000000000000000000000000000000000001
0000000000000000000000000000000000000001
0000000000000000000000000000000000000001
0000000000000000000000000000000000000001
0000000000000000000000000000000000000001
0000000000000000000000000000000000000001
0000000000000000000000000000000000000001
0000000000000000000000000000000000000001
0000000000000000000000000000000000000001
0000000000000000000000000000000000000001
0000000000000000000000000000000000000001
0000000000000000000000000000000000000001
0000000000000000000000000000000000000001
0000000000000000000000000000000000000001
0000000000000000000000000000000000000001
0000000000000000000000000000000000000001
0000000000000000000000000000000000000001
0000000000000000000000000000000000000001
0000000000000000000000000000000000000001
0000000000000000000000000000000000000001
0000000000000000000000000000000000000001
0000000000000000000000000000000000000001
0000000000000000000000000000000000000001
0000000000000000000000000000000000000001
0000000000000000000000000000000000000001
0000000000000000000000000000000000000001
0000000000000000000000000000000000000001
0000000000000000000000000000000000000001
0000000000000000000000000000000000000001
0000000000000000000000000000000000000001
0000000000000000000000000000000000000001
0000000000000000000000000000000000000001
0000000000000000000000000000000000000001
0000000000000000000000000000000000000001
0000000000000000000000000000000000000001
0000000000000000000000000000000000000001
0000000000000000000000000000000000000001
0000000000000000000000000000000000000001
0000000000000000000000000000000000000001
0000000000000000000000000000000000000001
0000000000000000000000000000000000000001
0000000000000000000000000000000000000001
0000000000000000000000000000000000000001
0000000000000000000000000000000000000001
0000000000000000000000000000000000000001
0000000000000000000000000000000000000001
0000000000000000000000000000000000000001
0000000000000000000000000000000000000001
0000000000000000000000000000000000000001
0000000000000000000000000000000000000001
0000000000000000000000000000000000000001
0000000000000000000000000000000000000001
0000000000000000000000000000000000000001
0000000000000000000000000000000000000001
0000000000000000000000000000000000000001
0000000000000000000000000000000000000001
0000000000000000000000000000000000000001
0000000000000000000000000000000000000001
0000000000000000000000000000000000000001
0000000000000000000000000000000000000001
0000000000000000000000000000000000000001
0000000000000000000000000000000000000001
0000000000000000000000000000000000000001
0000000000000000000000000000000000000001
0000000000000000000000000000000000000001
0000000000000000000000000000000000000001
0000000000000000000000000000000000000001
0000000000000000000000000000000000000001
0000000000000000000000000000000000000001
0000000000000000000000000000000000000001
0000000000000000000000000000000000000001
0000000000000000000000000000000000000001
0000000000000000000000000000000000000001
0000000000000000000000000000000000000001
0000000000000000000000000000000000000001
0000000000000000000000000000000000000001
0000000000000000000000000000000000000001
0000000000000000000000000000000000000001
0000000000000000000000000000000000000001
0000000000000000000000000000000000000001
0000000000000000000000000000000000000001
0000000000000000000000000000000000000001
0000000000000000000000000000000000000001
0000000000000000000000000000000000000001
0000000000000000000000000000000000000001
0000000000000000000000000000000000000001
0000000000000000000000000000000000000001
0000000000000000000000000000000000000001
0000000000000000000000000000000000000001
0000000000000000000000000000000000000001
0000000000000000000000000000000000000001
0000000000000000000000000000000000000001
0000000000000000000000000000000000000001
0000000000000000000000000000000000000001
0000000000000000000000000000000000000001
0000000000000000000000000000000000000001
0000000000000000000000000000000000000001
0000000000000000000000000000000000000001
0000000000000000000000000000000000000001
0000000000000000000000000000000000000001
0000000000000000000000000000000000000001
0000000000000000000000000000000000000001
0000000000000000000000000000000000000001
0000000000000000000000000000000000000001
0000000000000000000000000000000000000001
0000000000000000000000000000000000000001
0000000000000000000000000000000000000001
0000000000000000000000000000000000000001
0000000000000000000000000000000000000001
0000000000000000000000000000000000000001
0000000000000000000000000000000000000001
0000000000000000000000000000000000000001
0000000000000000000000000000000000000001
0000000000000000000000000000000000000001
0000000000000000000000000000000000000001
